5445352
5441669
5459395
5452376
bos
bos
bos
bos
bos
5508763
?5503190
?5507961
5507541
5507961
bos
bos
5453705
bos
?5445791 5503190
?5508763
5502972
5508078
z
5507165
5506634
5502687
5507182
z
5507189
5455460
5441958
5505860
5456475
5454827
5503759
5454075
5508584
5503718
5506640
5507640
?5508863
5440536
?5506533
5458600
5501803
5440084
?5505861
bos
5507651
bos ?5505861
5441889
5506533
z
5509033
5451299
?5455346 5505761
5505879
5445789
5505837
5506708
5458266
5507791
5507119
bos
5452160
5505812
bos
bos
5508863
5451703
5503314
z
5445791
5504906
5507656
5506676
5507780
5456776
5508809
5453669
5507535
5506856
5457011
5503711
5506519
5452014
5455511
5505814
5458039
5452425
5459149
5453035
5506543
bos
bos
5508865
5507577
5455216
5452877
5446245




